10.464 31.459 11.187 13.918 29.836 7.65503 12.567 33.21 8.52295 11.683 30.735 13.295 
18.212 31.77 8.24401 17.909 31.896 4.21495 22.411 34.407 8.10397 20.311 29.027 5.43398 
12.049 34.66 11.742 12.436 31.354 14.462 14.627 36.033 13.695 13.941 35.504 14.608 
16.458 33.498 8.514 18.889 34.085 8.80205 17.998 37.03 11.435 14.627 36.033 13.695 
12.049 34.66 11.742 11.683 30.735 13.295 16.458 33.498 8.514 12.436 31.354 14.462 
23.454 26.859 13.074 25.112 28.925 9.99403 22.12 26.636 8.18296 19.442 26.212 9.63603 
23.837 34.368 3.82903 23.347 34.773 6.97504 19.241 33.728 3.06199 20.311 29.027 5.43398 
23.837 34.368 3.82903 20.311 29.027 5.43398 19.241 33.728 3.06199 21.085 33.346 1.48904 
18.212 31.77 8.24401 16.458 33.498 8.514 13.918 29.836 7.65503 15.663 28.033 14.125 
22.602 35.134 9.42397 22.411 34.407 8.10397 25.112 28.925 9.99403 21.8 34.883 10.351 
21.431 26.402 1.15004 21.879 25.222 4.03799 25.965 24.933 3.47297 20.311 29.027 5.43398 
12.049 34.66 11.742 12.567 33.21 8.52295 16.458 33.498 8.514 11.683 30.735 13.295 
21.085 33.346 1.48904 23.837 34.368 3.82903 20.311 29.027 5.43398 23.282 33.004 0.45904 
21.8 34.883 10.351 15.663 28.033 14.125 18.889 34.085 8.80205 18.212 31.77 8.24401 
17.998 37.03 11.435 14.627 36.033 13.695 18.724 37.589 12.516 16.627 38.163 14.254 
18.212 31.77 8.24401 20.096 28.922 6.81001 25.112 28.925 9.99403 18.624 28.453 8.81896 
18.889 34.085 8.80205 14.442 34.964 15.617 17.998 37.03 11.435 14.627 36.033 13.695 
21.8 34.883 10.351 15.663 28.033 14.125 18.624 28.453 8.81896 23.454 26.859 13.074 
18.724 37.589 12.516 17.998 37.03 11.435 14.442 34.964 15.617 14.627 36.033 13.695 
12.049 34.66 11.742 16.458 33.498 8.514 14.585 35.115 8.652 14.627 36.033 13.695 
12.049 34.66 11.742 12.436 31.354 14.462 16.458 33.498 8.514 14.627 36.033 13.695 
23.454 26.859 13.074 17.24 26.235 13.795 21.537 25.429 12.81 22.76 25.942 13.53 
21.879 25.222 4.03799 22.905 25.823 6.19304 25.965 24.933 3.47297 20.311 29.027 5.43398 
12.675 27.519 10.341 15.663 28.033 14.125 13.918 29.836 7.65503 11.683 30.735 13.295 
19.442 26.212 9.63603 18.624 28.453 8.81896 21.537 25.429 12.81 23.454 26.859 13.074 
20.311 29.027 5.43398 22.905 25.823 6.19304 25.965 24.933 3.47297 25.248 27.572 7.49801 
22.411 34.407 8.10397 19.241 33.728 3.06199 23.347 34.773 6.97504 20.311 29.027 5.43398 
23.347 34.773 6.97504 24.851 28.868 8.19601 20.311 29.027 5.43398 23.837 34.368 3.82903 
16.133 26.903 13.195 15.945 26.859 9.36603 13.77 26.858 11.055 15.663 28.033 14.125 
12.567 33.21 8.52295 13.918 29.836 7.65503 16.458 33.498 8.514 11.683 30.735 13.295 
18.624 28.453 8.81896 13.918 29.836 7.65503 15.945 26.859 9.36603 15.663 28.033 14.125 
23.837 34.368 3.82903 25.248 27.572 7.49801 27.219 25.556 3.24598 27.181 35.439 4.88702 
18.624 28.453 8.81896 18.212 31.77 8.24401 13.918 29.836 7.65503 15.663 28.033 14.125 
22.411 34.407 8.10397 20.311 29.027 5.43398 23.347 34.773 6.97504 24.851 28.868 8.19601 
21.8 34.883 10.351 15.663 28.033 14.125 18.212 31.77 8.24401 18.624 28.453 8.81896 
23.454 26.859 13.074 25.112 28.925 9.99403 19.442 26.212 9.63603 18.624 28.453 8.81896 
22.411 34.407 8.10397 20.311 29.027 5.43398 24.851 28.868 8.19601 20.096 28.922 6.81001 
21.085 33.346 1.48904 19.524 28.79 3.19897 21.391 28.199 -0.296024 23.282 33.004 0.45904 
24.851 28.868 8.19601 22.411 34.407 8.10397 20.096 28.922 6.81001 25.112 28.925 9.99403 
17.909 31.896 4.21495 19.241 33.728 3.06199 22.411 34.407 8.10397 20.311 29.027 5.43398 
23.454 26.859 13.074 17.24 26.235 13.795 18.624 28.453 8.81896 21.537 25.429 12.81 
16.133 26.903 13.195 18.624 28.453 8.81896 15.945 26.859 9.36603 15.663 28.033 14.125 
15.945 26.859 9.36603 13.918 29.836 7.65503 13.77 26.858 11.055 15.663 28.033 14.125 
24.851 28.868 8.19601 25.248 27.572 7.49801 20.311 29.027 5.43398 23.837 34.368 3.82903 
12.675 27.519 10.341 13.77 26.858 11.055 13.918 29.836 7.65503 15.663 28.033 14.125 
15.663 28.033 14.125 16.458 33.498 8.514 11.683 30.735 13.295 12.436 31.354 14.462 
15.663 28.033 14.125 16.458 33.498 8.514 13.918 29.836 7.65503 11.683 30.735 13.295 
15.663 28.033 14.125 12.436 31.354 14.462 13.027 30.32 15.386 13.703 30.96 16.578 
22.602 35.134 9.42397 22.411 34.407 8.10397 23.347 34.773 6.97504 25.112 28.925 9.99403 
15.663 28.033 14.125 12.436 31.354 14.462 13.703 30.96 16.578 14.442 34.964 15.617 
22.411 34.407 8.10397 20.096 28.922 6.81001 25.112 28.925 9.99403 18.212 31.77 8.24401 
22.411 34.407 8.10397 18.212 31.77 8.24401 25.112 28.925 9.99403 21.8 34.883 10.351 
21.8 34.883 10.351 18.624 28.453 8.81896 25.112 28.925 9.99403 23.454 26.859 13.074 
25.112 28.925 9.99403 22.411 34.407 8.10397 23.347 34.773 6.97504 24.851 28.868 8.19601 
23.837 34.368 3.82903 25.248 27.572 7.49801 27.181 35.439 4.88702 24.851 28.868 8.19601 
16.458 33.498 8.514 15.663 28.033 14.125 18.889 34.085 8.80205 14.627 36.033 13.695 
15.663 28.033 14.125 14.442 34.964 15.617 18.889 34.085 8.80205 14.627 36.033 13.695 
14.442 34.964 15.617 15.663 28.033 14.125 13.941 35.504 14.608 14.627 36.033 13.695 
15.663 28.033 14.125 12.436 31.354 14.462 13.941 35.504 14.608 14.627 36.033 13.695 
16.458 33.498 8.514 12.436 31.354 14.462 15.663 28.033 14.125 14.627 36.033 13.695 
14.442 34.964 15.617 12.436 31.354 14.462 13.941 35.504 14.608 15.663 28.033 14.125 
15.663 28.033 14.125 17.998 37.03 11.435 18.889 34.085 8.80205 14.442 34.964 15.617 
21.8 34.883 10.351 17.998 37.03 11.435 15.663 28.033 14.125 14.442 34.964 15.617 
21.8 34.883 10.351 17.998 37.03 11.435 18.889 34.085 8.80205 15.663 28.033 14.125 
23.837 34.368 3.82903 24.851 28.868 8.19601 27.181 35.439 4.88702 23.347 34.773 6.97504 
25.112 28.925 9.99403 20.096 28.922 6.81001 22.12 26.636 8.18296 18.624 28.453 8.81896 
22.411 34.407 8.10397 18.889 34.085 8.80205 18.212 31.77 8.24401 21.8 34.883 10.351 
18.212 31.77 8.24401 18.624 28.453 8.81896 25.112 28.925 9.99403 21.8 34.883 10.351 
18.212 31.77 8.24401 15.663 28.033 14.125 18.889 34.085 8.80205 16.458 33.498 8.514 
19.442 26.212 9.63603 25.112 28.925 9.99403 22.12 26.636 8.18296 18.624 28.453 8.81896 
21.821 24.934 11.385 19.442 26.212 9.63603 21.537 25.429 12.81 23.454 26.859 13.074 
18.307 27.131 9.54697 17.24 26.235 13.795 18.624 28.453 8.81896 16.133 26.903 13.195 
17.24 26.235 13.795 22.76 25.942 13.53 23.023 25.389 14.699 21.537 25.429 12.81 
23.454 26.859 13.074 15.663 28.033 14.125 17.24 26.235 13.795 22.76 25.942 13.53 
17.24 26.235 13.795 15.663 28.033 14.125 18.624 28.453 8.81896 16.133 26.903 13.195 
22.12 26.636 8.18296 19.442 26.212 9.63603 21.821 24.934 11.385 23.454 26.859 13.074 
19.442 26.212 9.63603 18.624 28.453 8.81896 18.307 27.131 9.54697 21.537 25.429 12.81 
21.537 25.429 12.81 17.24 26.235 13.795 18.624 28.453 8.81896 18.307 27.131 9.54697 
23.454 26.859 13.074 15.663 28.033 14.125 18.624 28.453 8.81896 17.24 26.235 13.795 
21.085 33.346 1.48904 20.311 29.027 5.43398 19.524 28.79 3.19897 23.282 33.004 0.45904 
19.524 28.79 3.19897 20.311 29.027 5.43398 21.431 26.402 1.15004 21.391 28.199 -0.296024 
23.282 33.004 0.45904 25.248 27.572 7.49801 25.965 24.933 3.47297 27.219 25.556 3.24598 
21.085 33.346 1.48904 20.311 29.027 5.43398 19.241 33.728 3.06199 18.661 32.305 2.96203 
21.391 28.199 -0.296024 23.282 33.004 0.45904 25.965 24.933 3.47297 27.219 25.556 3.24598 
23.837 34.368 3.82903 25.248 27.572 7.49801 23.282 33.004 0.45904 27.219 25.556 3.24598 
19.524 28.79 3.19897 20.311 29.027 5.43398 21.391 28.199 -0.296024 23.282 33.004 0.45904 
21.391 28.199 -0.296024 23.282 33.004 0.45904 20.311 29.027 5.43398 21.431 26.402 1.15004 
23.282 33.004 0.45904 25.965 24.933 3.47297 20.311 29.027 5.43398 21.431 26.402 1.15004 
21.391 28.199 -0.296024 25.965 24.933 3.47297 23.282 33.004 0.45904 21.431 26.402 1.15004 
23.282 33.004 0.45904 25.248 27.572 7.49801 20.311 29.027 5.43398 25.965 24.933 3.47297 
23.837 34.368 3.82903 25.248 27.572 7.49801 20.311 29.027 5.43398 23.282 33.004 0.45904 
